     1        0   129600   0.000
     2    29358   129600   0.020
     3    58715   131078   0.040
     4    88072   131078   0.060
     5   117429   133281   0.080
     6   146786   133281   0.100
     7   176143   135664   0.120
     8   205500   138113   0.140
     9   234857   138113   0.160
    10   264214   140718   0.180
    11   293571   140718   0.200
    12   322928   143474   0.220
    13   352285   143474   0.240
    14   381642   146350   0.260
    15   410999   149216   0.280
    16   440356   149216   0.300
    17   469713   152059   0.320
    18   499070   152059   0.340
    19   528427   155075   0.360
    20   557784   155075   0.380
    21   587141   158044   0.400
    22   616498   161061   0.420
    23   645855   161061   0.440
    24   675212   164310   0.460
    25   704569   164310   0.480
    26   733926   167393   0.500
    27   763283   167393   0.520
